-0.1423,-0.0000,-0.9898,
-0.4566,-0.7168,0.5270,
-0.5967,-0.7049,0.3835,
-0.6877,-0.6974,0.2019,
-0.7187,-0.6953,-0.0000,
-0.6861,-0.6991,-0.2015,
-0.5941,-0.7080,-0.3818,
-0.4538,-0.7209,-0.5238,
-0.2812,-0.7362,-0.6156,
-0.0938,-0.7521,-0.6524,
0.0913,-0.7672,-0.6349,
0.2598,-0.7804,-0.5688,
0.4006,-0.7910,-0.4623,
0.5062,-0.7987,-0.3253,
0.5717,-0.8031,-0.1679,
0.5942,-0.8043,-0.0000,
0.5729,-0.8022,0.1682,
0.5084,-0.7968,0.3267,
0.4030,-0.7882,0.4651,
0.2616,-0.7768,0.5729,
0.0920,-0.7629,0.6399,
0.8413,-0.0000,-0.5406,
0.6549,-0.0000,0.7557,
0.1423,-0.0000,-0.9898,
-0.6549,-0.0000,0.7557,
-0.8413,-0.0000,-0.5406,
0.9595,-0.0000,0.2817,
-0.1423,-0.0000,0.9898,
-1.0000,-0.0000,-0.0000,
0.9595,-0.0000,-0.2817,
0.4154,-0.0000,0.9096,
-0.8413,-0.0000,0.5406,
-0.6549,-0.0000,-0.7557,
0.6549,-0.0000,-0.7557,
0.8413,-0.0000,0.5406,
-0.4154,-0.0000,0.9096,
-0.9595,-0.0000,-0.2817,
0.4154,-0.0000,-0.9096,
1.0000,-0.0000,-0.0000,
0.1423,-0.0000,0.9898,
-0.9595,-0.0000,0.2817,
-0.4154,-0.0000,-0.9096,
-0.0000,-1.0000,-0.0000,
-0.2832,-0.7316,0.6202,
0.1117,-0.6198,-0.7768,
0.3260,-0.6198,-0.7139,
0.5139,-0.6198,-0.5931,
0.6602,-0.6198,-0.4243,
0.7530,-0.6198,-0.2211,
0.7848,-0.6198,-0.0000,
0.7530,-0.6198,0.2211,
0.6602,-0.6198,0.4243,
0.5139,-0.6198,0.5931,
0.3260,-0.6198,0.7139,
0.1117,-0.6198,0.7768,
-0.1117,-0.6198,0.7768,
-0.3260,-0.6198,0.7139,
-0.5139,-0.6198,0.5931,
-0.6602,-0.6198,0.4243,
-0.7530,-0.6198,0.2211,
-0.7848,-0.6198,-0.0000,
-0.7530,-0.6198,-0.2211,
-0.6602,-0.6198,-0.4243,
-0.5139,-0.6198,-0.5931,
-0.3260,-0.6198,-0.7139,
-0.1117,-0.6198,-0.7768,
-0.0945,-0.7474,0.6576,
-0.0523,-0.9295,0.3651,
-0.1570,-0.9257,0.3442,
-0.2533,-0.9221,0.2925,
-0.3312,-0.9192,0.2130,
-0.3818,-0.9174,0.1122,
-0.3991,-0.9169,-0.0000,
-0.3809,-0.9178,-0.1119,
-0.3297,-0.9200,-0.2120,
-0.2517,-0.9231,-0.2907,
-0.1559,-0.9268,-0.3417,
-0.0519,-0.9306,-0.3623,
0.0509,-0.9342,-0.3530,
0.1448,-0.9374,-0.3167,
0.2235,-0.9400,-0.2578,
0.2828,-0.9418,-0.1816,
0.3196,-0.9429,-0.0938,
0.3323,-0.9432,-0.0000,
0.3202,-0.9427,0.0940,
0.2839,-0.9414,0.1823,
0.2248,-0.9393,0.2592,
0.1458,-0.9365,0.3188,
0.0513,-0.9332,0.3556,
-0.0000,1.0000,-0.0000,
0.4478,0.7288,-0.5181,
0.5854,0.7178,-0.3770,
0.6748,0.7108,-0.1985,
0.7052,0.7090,0.0001,
0.6732,0.7124,0.1981,
0.5829,0.7206,0.3754,
0.4451,0.7326,0.5150,
0.2754,0.7467,0.6055,
0.0913,0.7615,0.6417,
-0.0907,0.7756,0.6247,
-0.2564,0.7880,0.5598,
-0.3951,0.7980,0.4551,
-0.4991,0.8052,0.3203,
-0.5636,0.8094,0.1653,
-0.5858,0.8105,-0.0000,
-0.5648,0.8084,-0.1656,
-0.5012,0.8034,-0.3216,
-0.3974,0.7953,-0.4577,
-0.2583,0.7846,-0.5637,
-0.0914,0.7716,-0.6295,
-0.0424,0.9991,-0.0000,
0.0173,0.9991,0.0377,
0.0271,0.9991,-0.0311,
-0.0406,0.9991,-0.0119,
0.0060,0.9991,0.0413,
0.0346,0.9992,-0.0222,
-0.0356,0.9991,-0.0229,
-0.0059,0.9991,0.0415,
0.0393,0.9992,-0.0115,
-0.0276,0.9991,-0.0319,
-0.0174,0.9991,0.0383,
0.0409,0.9992,-0.0000,
-0.0174,0.9991,-0.0383,
-0.0276,0.9991,0.0319,
0.0393,0.9992,0.0115,
0.2774,0.7424,-0.6098,
-0.0356,0.9991,0.0229,
0.0346,0.9992,0.0222,
-0.0059,0.9991,-0.0414,
-0.0407,0.9991,0.0119,
0.0271,0.9991,0.0312,
0.0173,0.9991,-0.0377,
-0.0091,0.9993,-0.0361,
-0.0157,0.9997,-0.0164,
-0.0157,0.9998,-0.0105,
-0.0194,0.9998,-0.0074,
-0.0313,0.9995,0.0046,
0.0064,0.9997,-0.0242,
-0.0155,0.9998,0.0123,
0.0106,0.9998,-0.0197,
-0.0104,0.9999,0.0135,
0.0157,0.9997,-0.0181,
-0.0075,0.9998,0.0166,
0.0244,0.9995,-0.0181,
-0.0046,0.9997,0.0234,
0.0493,0.9988,-0.0069,
0.0308,0.9995,0.0111,
0.0237,0.9996,0.0146,
0.0215,0.9996,0.0205,
0.0134,0.9991,0.0396,
0.1160,-0.5791,-0.8069,
0.3387,-0.5791,-0.7416,
0.5339,-0.5791,-0.6161,
0.6858,-0.5791,-0.4408,
0.7822,-0.5791,-0.2297,
0.8152,-0.5791,-0.0000,
0.7822,-0.5791,0.2297,
0.6858,-0.5791,0.4408,
0.5339,-0.5791,0.6161,
0.3387,-0.5791,0.7416,
0.1160,-0.5791,0.8069,
-0.1160,-0.5791,0.8069,
-0.3387,-0.5791,0.7416,
-0.5339,-0.5791,0.6161,
-0.6858,-0.5791,0.4408,
-0.7822,-0.5791,0.2297,
-0.8152,-0.5791,-0.0000,
-0.7822,-0.5791,-0.2297,
-0.6858,-0.5791,-0.4408,
-0.5339,-0.5791,-0.6161,
-0.3387,-0.5791,-0.7416,
-0.1160,-0.5791,-0.8069,
0.0920,0.7572,-0.6467,
0.0611,0.9029,-0.4256,
0.1886,0.8908,-0.4133,
0.3182,0.8739,-0.3675,
0.4434,0.8497,-0.2852,
0.5475,0.8212,-0.1609,
0.5870,0.8096,-0.0000,
0.5363,0.8292,0.1576,
0.4325,0.8576,0.2782,
0.3115,0.8795,0.3598,
0.1854,0.8948,0.4062,
0.0602,0.9058,0.4195,
-0.0578,0.9140,0.4016,
-0.1627,0.9202,0.3561,
-0.2493,0.9247,0.2876,
-0.3139,0.9278,0.2017,
-0.3538,0.9295,0.1039,
-0.3676,0.9300,-0.0000,
-0.3547,0.9292,-0.1041,
-0.3154,0.9270,-0.2027,
-0.2512,0.9235,-0.2898,
-0.1643,0.9185,-0.3596,
-0.0585,0.9118,-0.4064,
0.0060,0.9991,-0.0412,
0.4153,-0.0188,0.9095,
0.9593,-0.0188,-0.2817,
-0.1423,-0.0188,-0.9896,
-0.9998,-0.0188,-0.0000,
-0.4153,-0.0188,0.9095,
0.9593,-0.0188,0.2817,
0.4153,-0.0188,-0.9095,
-0.8411,-0.0188,-0.5405,
-0.6547,-0.0188,0.7556,
0.6547,-0.0188,0.7556,
0.8411,-0.0188,-0.5405,
-0.4153,-0.0188,-0.9095,
-0.9593,-0.0188,0.2817,
0.9998,-0.0188,-0.0000,
0.1423,-0.0188,-0.9896,
-0.9593,-0.0188,-0.2817,
0.8411,-0.0188,0.5405,
0.6547,-0.0188,-0.7556,
-0.1423,-0.0188,0.9896,
-0.6547,-0.0188,-0.7556,
-0.8411,-0.0188,0.5405,
0.1423,-0.0188,0.9896,
0.3037,0.9528,-0.0000,
0.3037,-0.9528,-0.0000,
0.3040,-0.9527,-0.0000,
0.0816,-0.0208,0.9964,
0.0816,-0.0208,-0.9964,
-0.0000,-0.0000,1.0000,
-0.0000,-0.0000,-1.0000,
0.0816,0.0208,0.9964,
0.0816,0.0209,0.9964,
0.2125,-0.1678,-0.9626,
0.2125,-0.1678,0.9626,
0.3426,0.9395,-0.0000,
0.2125,0.1678,-0.9626,
0.2125,0.1678,0.9626,
0.3426,-0.9395,-0.0000,
0.0816,0.0208,-0.9964,
0.2123,0.1677,-0.9627,
0.2123,0.1677,0.9627,
0.3423,-0.9396,-0.0000,
0.0816,0.0209,-0.9964,
-0.6723,0.7403,-0.0000,
-0.8596,-0.5110,-0.0000,
0.6595,0.7517,-0.0000,
-0.8872,-0.4613,-0.0000,
0.6805,0.7327,-0.0000,
-0.8738,-0.4863,-0.0000,
0.7210,0.6929,-0.0000,
0.7011,0.7131,-0.0000,
-0.9120,-0.4102,-0.0000,
-0.9000,-0.4359,-0.0000,
0.7592,0.6508,-0.0000,
0.7404,0.6721,-0.0000,
-0.9338,-0.3578,-0.0000,
-0.9233,-0.3841,-0.0000,
0.7950,0.6067,-0.0000,
0.7774,0.6290,-0.0000,
-0.9526,-0.3042,-0.0000,
-0.9436,-0.3311,-0.0000,
0.8281,0.5605,-0.0000,
0.8119,0.5838,-0.0000,
-0.9684,-0.2496,-0.0000,
-0.9609,-0.2770,-0.0000,
0.8437,0.5368,-0.0000,
-0.9810,-0.1942,-0.0000,
-0.9751,-0.2220,-0.0000,
0.8586,0.5126,-0.0000,
0.8728,0.4880,-0.0000,
-0.9861,-0.1662,-0.0000,
0.8863,0.4630,-0.0000,
-0.9939,-0.1100,-0.0000,
0.8991,0.4377,-0.0000,
-0.9904,-0.1382,-0.0000,
0.9225,0.3859,-0.0000,
0.9112,0.4120,-0.0000,
-0.9986,-0.0534,-0.0000,
-0.9967,-0.0817,-0.0000,
0.9430,0.3329,-0.0000,
0.9331,0.3595,-0.0000,
-1.0000,0.0034,-0.0000,
-0.9997,-0.0250,-0.0000,
0.9603,0.2788,-0.0000,
0.9520,0.3060,-0.0000,
-0.9982,0.0602,-0.0000,
-0.9995,0.0318,-0.0000,
0.9746,0.2238,-0.0000,
0.9679,0.2514,-0.0000,
-0.9932,0.1168,-0.0000,
-0.9961,0.0885,-0.0000,
0.9806,0.1961,-0.0000,
-0.9894,0.1450,-0.0000,
0.9858,0.1681,-0.0000,
-0.9796,0.2009,-0.0000,
0.9901,0.1401,-0.0000,
-0.9849,0.1730,-0.0000,
0.9965,0.0836,-0.0000,
0.9937,0.1119,-0.0000,
-0.9666,0.2562,-0.0000,
-0.9735,0.2286,-0.0000,
0.9996,0.0269,-0.0000,
0.9985,0.0553,-0.0000,
-0.9505,0.3107,-0.0000,
-0.9590,0.2836,-0.0000,
0.9996,-0.0299,-0.0000,
1.0000,-0.0015,-0.0000,
-0.9313,0.3642,-0.0000,
-0.9413,0.3376,-0.0000,
0.9962,-0.0866,-0.0000,
0.9983,-0.0583,-0.0000,
-0.9092,0.4164,-0.0000,
-0.9206,0.3905,-0.0000,
0.9934,-0.1149,-0.0000,
-0.8970,0.4421,-0.0000,
0.9897,-0.1430,-0.0000,
-0.8704,0.4923,-0.0000,
0.9853,-0.1711,-0.0000,
-0.8840,0.4674,-0.0000,
0.9739,-0.2268,-0.0000,
0.9800,-0.1990,-0.0000,
-0.8636,0.5042,-0.0000,
-0.8561,0.5168,-0.0000,
0.9382,-0.3460,-0.0000,
-0.6802,0.7330,-0.0000,
0.5287,-0.8488,-0.0000,
0.5469,-0.8372,-0.0000,
0.5378,-0.8430,-0.0000,
-0.6880,0.7257,-0.0000,
0.5559,-0.8313,-0.0000,
-0.6958,0.7182,-0.0000,
0.5736,-0.8191,-0.0000,
-0.7035,0.7107,-0.0000,
0.5648,-0.8252,-0.0000,
-0.7186,0.6954,-0.0000,
-0.7111,0.7031,-0.0000,
0.5911,-0.8066,-0.0000,
0.5824,-0.8129,-0.0000,
-0.7334,0.6798,-0.0000,
-0.7261,0.6876,-0.0000,
0.6084,-0.7937,-0.0000,
0.5998,-0.8002,-0.0000,
-0.7479,0.6638,-0.0000,
-0.7407,0.6718,-0.0000,
0.6253,-0.7804,-0.0000,
0.6169,-0.7871,-0.0000,
-0.7620,0.6476,-0.0000,
-0.7550,0.6557,-0.0000,
0.6420,-0.7667,-0.0000,
0.6337,-0.7736,-0.0000,
-0.7689,0.6393,-0.0000,
0.6502,-0.7598,-0.0000,
-0.7758,0.6310,-0.0000,
0.6664,-0.7456,-0.0000,
-0.7825,0.6226,-0.0000,
0.6583,-0.7528,-0.0000,
-0.7957,0.6056,-0.0000,
-0.7892,0.6142,-0.0000,
0.6823,-0.7311,-0.0000,
0.6744,-0.7384,-0.0000,
-0.8086,0.5884,-0.0000,
-0.8022,0.5970,-0.0000,
0.6978,-0.7162,-0.0000,
0.6901,-0.7237,-0.0000,
-0.8211,0.5708,-0.0000,
-0.8149,0.5796,-0.0000,
0.7131,-0.7011,-0.0000,
0.7055,-0.7087,-0.0000,
-0.8332,0.5530,-0.0000,
-0.8272,0.5620,-0.0000,
0.7280,-0.6856,-0.0000,
0.7206,-0.6934,-0.0000,
-0.8391,0.5440,-0.0000,
0.7354,-0.6777,-0.0000,
-0.8449,0.5350,-0.0000,
0.7498,-0.6617,-0.0000,
-0.8506,0.5258,-0.0000,
0.7426,-0.6697,-0.0000,
-0.8617,0.5074,-0.0000,
-0.8562,0.5167,-0.0000,
0.7638,-0.6454,-0.0000,
0.7569,-0.6536,-0.0000,
-0.8724,0.4887,-0.0000,
-0.8671,0.4981,-0.0000,
0.7776,-0.6288,-0.0000,
0.7707,-0.6371,-0.0000,
-0.8827,0.4699,-0.0000,
-0.8776,0.4793,-0.0000,
0.7909,-0.6119,-0.0000,
0.7843,-0.6204,-0.0000,
-0.8927,0.4507,-0.0000,
-0.8877,0.4603,-0.0000,
0.8039,-0.5948,-0.0000,
0.7975,-0.6034,-0.0000,
-0.8975,0.4411,-0.0000,
0.8103,-0.5861,-0.0000,
-0.9021,0.4314,-0.0000,
0.8227,-0.5685,-0.0000,
-0.9067,0.4217,-0.0000,
0.8165,-0.5773,-0.0000,
-0.9112,0.4119,-0.0000,